cam0:
  cam_overlaps: [1]
  camera_model: pinhole
  distortion_coeffs: [-0.0362289838096815, 0.11727965500304881, -0.28362662302432834,
    0.23330915131930607]
  distortion_model: equidistant
  intrinsics: [965.414930572681, 965.9198369454855, 631.6854671425658, 370.3511673658837]
  resolution: [1280, 800]
  rostopic: /ovc/bonus_left/left/image_color
