cam0:
  T_cn_cnm1:
  - [0.9999921925927783, 0.0007481015782843728, -0.0038800898853131576, 0.08880224619122669]
  - [-0.0007555440727207026, 0.9999978771044162, -0.001917013254195936, 0.005982746527039138]
  - [0.003878647527646416, 0.0019199298662072812, 0.9999906349374813, 0.002844842268746667]
  - [0.0, 0.0, 0.0, 1.0]
  cam_overlaps: [0, 1]
  camera_model: pinhole
  distortion_coeffs: [-0.41228985220002407, 0.17529736157666467, -0.0008176159623461872,
    0.0013628079261338304]
  distortion_model: radtan
  intrinsics: [1274.4846081124488, 1274.9508624075402, 642.0684123570333, 327.04013510585185]
  resolution: [1280, 800]
  rostopic: /ovc/rgb/image_color
