cam0:
  T_cn_cnm1:
  - [0.9999635644786965, 0.0009511858469169014, -0.008483216402448123, 0.08866988486058516]
  - [-0.0009652002060382759, 0.9999981761268154, -0.0016480690492618115, 0.006144360620963444]
  - [0.008481633310182866, 0.0016561970032263791, 0.999962658756748, 0.0017417687972664858]
  - [0.0, 0.0, 0.0, 1.0]
  cam_overlaps: [0, 1]
  camera_model: pinhole
  distortion_coeffs: [-0.3921771828008672, 0.14111590155267859, -0.001884237772417423,
    0.0012315492987670516]
  distortion_model: radtan
  intrinsics: [967.5408541304049, 966.5440977601061, 649.3963091866211, 333.8648024416038]
  resolution: [1280, 800]
  rostopic: /ovc/rgb/image_color
